en:
  MAE: 3.246595346289047
  MAPE: 7004934840557768.0
  MSE: 13.798854211874849
  R2_Test: 0.08890731429065712
  R2_Train: 0.09086831420192742
  RMSE: 3.71468090310256
plr:
  MAE: 3.246706943595827
  MAPE: 7004095373389747.0
  MSE: 13.799166071534625
  R2_Test: 0.0888867232292091
  R2_Train: 0.09087004581369929
  RMSE: 3.7147228795072484
rfr:
  MAE: 1.9697344492988944
  MAPE: 3765549091930910.0
  MSE: 7.873361350932763
  R2_Test: 0.48014800151969805
  R2_Train: 0.7458270335035304
  RMSE: 2.8059510599675046
svr:
  MAE: 2.6165454518650915
  MAPE: 7929876991934449.0
  MSE: 13.562201125332443
  R2_Test: 0.10453273455299872
  R2_Train: 0.1265946515779437
  RMSE: 3.6826893875715943
