en:
  MAE: 2.9736353787984493
  MAPE: 6233272402758712.0
  MSE: 12.091615389253688
  R2_Test: 0.20163064480534565
  R2_Train: 0.1907548178871653
  RMSE: 3.4773000142716604
plr:
  MAE: 2.8830125049535185
  MAPE: 5922824590671005.0
  MSE: 11.812982560887304
  R2_Test: 0.2200278485169882
  R2_Train: 0.20923054619125203
  RMSE: 3.4370019727790826
rfr:
  MAE: 1.9505762879326645
  MAPE: 3743985841244049.0
  MSE: 7.622585499354415
  R2_Test: 0.4967059012277001
  R2_Train: 0.7702008559353023
  RMSE: 2.7609030224465356
svr:
  MAE: 2.3649876441186275
  MAPE: 5512983597127248.0
  MSE: 11.497231143479599
  R2_Test: 0.24087586984436404
  R2_Train: 0.3244135830508781
  RMSE: 3.390756721364657
