en:
  MAE: 1.9736310535663755
  MAPE: 4220003495667564.5
  MSE: 5.984538432553491
  R2_Test: 0.6048607290485233
  R2_Train: 0.602765646466361
  RMSE: 2.4463316276730533
plr:
  MAE: 1.6264203088429108
  MAPE: 3241180710587341.5
  MSE: 4.441959060468379
  R2_Test: 0.7067121408725128
  R2_Train: 0.7037222469074746
  RMSE: 2.1075955637807695
rfr:
  MAE: 0.751342174053227
  MAPE: 1314926994145115.2
  MSE: 1.9080463851664147
  R2_Test: 0.8740180105661777
  R2_Train: 0.9797271006145702
  RMSE: 1.3813205222418201
svr:
  MAE: 1.2523361553789056
  MAPE: 3449866583858207.0
  MSE: 4.464253488724695
  R2_Test: 0.7052401135429595
  R2_Train: 0.7632441876465479
  RMSE: 2.1128780108479273
