rnn:
  MAE: 0.37818509340286255
  MAPE: 79583296.0
  MSE: 1.861403226852417
  RMSE: 1.3643325567245483
