en:
  MAE: 2.0280036929033907
  MAPE: 4307619621270913.0
  MSE: 6.267992454767642
  R2_Test: 0.5861451978595669
  R2_Train: 0.5842224169349084
  RMSE: 2.5035959048471943
plr:
  MAE: 1.8729023947316275
  MAPE: 3642305621069221.0
  MSE: 5.493464488636976
  R2_Test: 0.6372847166908993
  R2_Train: 0.631883002912361
  RMSE: 2.343814090032948
rfr:
  MAE: 0.8898398043706012
  MAPE: 1568007958161719.8
  MSE: 2.3319061895209843
  R2_Test: 0.8460319501597049
  R2_Train: 0.9384981051525723
  RMSE: 1.5270580177324582
svr:
  MAE: 1.1460713680665038
  MAPE: 2389076939175422.5
  MSE: 3.5950331526586923
  R2_Test: 0.7626318562412796
  R2_Train: 0.7635003210842612
  RMSE: 1.8960572651316976
