en:
  MAE: 2.977799507775082
  MAPE: 6243905598264410.0
  MSE: 12.11966151984771
  R2_Test: 0.19977885160177133
  R2_Train: 0.18657840789451774
  RMSE: 3.481330423824735
plr:
  MAE: 2.912053957349369
  MAPE: 6026549252084822.0
  MSE: 11.974818219210182
  R2_Test: 0.20934237548270973
  R2_Train: 0.1926207635809818
  RMSE: 3.460465029329177
rfr:
  MAE: 1.9382431358685903
  MAPE: 3723503654012027.0
  MSE: 7.562777014095037
  R2_Test: 0.5006548576139689
  R2_Train: 0.7827805194588969
  RMSE: 2.750050365737878
svr:
  MAE: 2.02579360490439
  MAPE: 4172736768388032.5
  MSE: 10.813288962091443
  R2_Test: 0.286034309041047
  R2_Train: 0.2715105289271481
  RMSE: 3.288356574657232
